//standing up
12 489
13 487
14 534
15 802
16 221
17 502
18 510


489 487 534 800 221 502 510
489 487 534 800 222 501 539

//wave
512 512 512 800 221 512 850
512 512 512 800 221 512 512
512 512 512 800 221 512 230 

482 491 531 800  221 504 538
476 310 713 784 243 505 538

472 240 788 650 373 731 538
464 237 789 648 376 731 538
466 209 816 696 327 676 538

467
230
794
623
400
465
538

467
230
794
623
400
465
538

472
224
801
817
205
466
538

472
224
801
817
206
467
538

472
225
797
816
209
467
538

465
225
799
596
427
467
538

464
202
822
600
423
467
538

453
202
821
397
629
467
538

454
202
822
204
820
465
538